415,24
415,23
26,36
14,114
448,15
448,14
448,13
448,12
448,11
448,10
448,9
448,8
448,7
448,6
448,5
448,4
448,3
448,2
448,1
448,0
14,113
447,5
447,4
447,3
447,2
447,1
447,0
446,5
446,4
446,3
446,2
446,1
446,0
14,112
445,6
445,5
445,4
445,3
445,2
445,1
445,0
14,111
444,14
444,13
444,12
444,11
444,10
444,9
444,8
444,7
444,6
444,5
444,4
444,3
444,2
444,1
444,0
443,8
443,7
443,6
443,5
443,4
443,3
443,2
443,1
443,0
14,110
442,6
442,5
442,4
442,3
442,2
442,1
442,0
14,109
441,5
441,4
441,3
441,2
441,1
441,0
14,108
440,13
440,12
440,11
440,10
440,9
440,8
440,7
440,6
440,5
440,4
440,3
440,2
440,1
440,0
14,107
439,7
439,6
439,5
439,4
439,3
439,2
439,1
439,0
14,106
14,105
438,5
438,4
438,3
438,2
438,1
438,0
14,104
14,103
437,15
437,14
437,13
437,12
437,11
437,10
437,9
437,8
437,7
437,6
437,5
437,4
437,3
437,2
437,1
437,0
436,8
436,7
436,6
436,5
436,4
436,3
436,2
436,1
436,0
14,102
435,5
435,4
435,3
435,2
435,1
435,0
434,8
434,7
434,6
434,5
434,4
434,3
434,2
434,1
434,0
14,101
433,7
433,6
433,5
433,4
433,3
433,2
433,1
433,0
432,6
432,5
432,4
432,3
432,2
432,1
432,0
14,100
431,12
431,11
431,10
431,9
431,8
431,7
431,6
431,5
431,4
431,3
431,2
0,9
431,1
431,0
14,99
430,11
430,10
430,9
430,8
430,7
430,6
430,5
430,4
430,3
430,2
430,1
430,0
14,98
429,5
429,4
429,3
429,2
429,1
429,0
14,97
428,6
428,5
428,4
428,3
428,2
428,1
428,0
14,96
427,12
427,11
427,10
427,9
427,8
427,7
427,6
427,5
427,4
427,3
427,2
427,1
427,0
426,11
426,10
426,9
426,8
426,7
426,6
426,5
426,4
426,3
426,2
426,1
426,0
14,95
425,5
425,4
425,3
425,2
425,1
425,0
424,3
424,2
424,1
424,0
14,94
423,5
423,4
423,3
423,2
423,1
423,0
14,93
422,7
422,6
422,5
422,4
422,3
422,2
422,1
422,0
14,92
421,8
421,7
421,6
421,5
421,4
421,3
421,2
421,1
421,0
420,8
420,7
420,6
420,5
420,4
420,3
420,2
420,1
420,0
419,5
419,4
419,3
419,2
419,1
419,0
418,5
418,4
418,3
418,2
418,1
418,0
417,5
417,4
417,3
417,2
417,1
417,0
416,6
416,5
416,4
416,3
416,2
416,1
416,0
14,91
415,22
415,21
415,20
415,19
415,18
415,17
415,16
415,15
415,14
415,13
415,12
415,11
415,10
415,9
415,8
415,7
415,6
415,5
415,4
415,3
415,2
415,1
415,0
414,7
414,6
414,5
414,4
414,3
414,2
414,1
414,0
413,6
413,5
413,4
413,3
413,2
413,1
413,0
412,4
412,3
412,2
412,1
412,0
411,10
411,9
411,8
411,7
411,6
411,5
411,4
411,3
411,2
411,1
411,0
410,6
410,5
410,4
410,3
410,2
410,1
410,0
409,4
409,3
409,2
409,1
409,0
408,4
408,3
408,2
408,1
408,0
407,4
407,3
407,2
407,1
407,0
14,90
406,17
406,16
406,15
406,14
406,13
406,12
406,11
406,10
406,9
406,8
406,7
406,6
406,5
406,4
406,3
406,2
406,1
406,0
405,4
405,3
405,2
405,1
405,0
404,5
404,4
404,3
404,2
404,1
404,0
403,4
403,3
403,2
403,1
403,0
14,89
402,33
402,32
402,31
402,30
402,29
402,28
402,27
402,26
402,25
402,24
402,23
402,22
402,21
402,20
402,19
402,18
402,17
402,16
402,15
402,14
402,13
402,12
402,11
402,10
402,9
402,8
402,7
402,6
402,5
402,4
402,3
402,2
402,1
402,0
401,8
401,7
401,6
401,5
401,4
401,3
401,2
401,1
401,0
400,9
400,8
400,7
400,6
400,5
400,4
400,3
400,2
400,1
400,0
399,12
399,11
399,10
399,9
399,8
399,7
399,6
399,5
399,4
399,3
399,2
399,1
399,0
14,88
398,12
398,11
398,10
398,9
398,8
398,7
398,6
398,5
398,4
398,3
398,2
398,1
398,0
397,6
397,5
397,4
397,3
397,2
397,1
397,0
396,5
396,4
396,3
396,2
396,1
396,0
395,9
395,8
395,7
395,6
395,5
395,4
395,3
395,2
395,1
395,0
14,87
394,20
394,19
394,18
394,17
394,16
394,15
394,14
394,13
394,12
394,11
394,10
394,9
394,8
394,7
394,6
394,5
394,4
394,3
394,2
394,1
394,0
393,5
393,4
393,3
393,2
393,1
393,0
14,86
392,12
392,11
392,10
392,9
392,8
392,7
392,6
392,5
392,4
392,3
392,2
392,1
392,0
391,8
391,7
391,6
391,5
391,4
391,3
391,2
391,1
391,0
390,9
390,8
390,7
390,6
390,5
390,4
390,3
390,2
390,1
390,0
389,11
389,10
389,9
389,8
389,7
389,6
389,5
389,4
389,3
389,2
389,1
389,0
14,85
388,19
388,18
388,17
388,16
388,15
388,14
388,13
388,12
388,11
388,10
388,9
388,8
388,7
388,6
388,5
388,4
388,3
388,2
388,1
388,0
387,7
387,6
387,5
387,4
387,3
387,2
387,1
387,0
386,24
386,23
386,22
386,21
386,20
386,19
386,18
386,17
386,16
386,15
386,14
386,13
386,12
386,11
386,10
386,9
386,8
386,7
386,6
386,5
386,4
386,3
386,2
386,1
386,0
385,4
385,3
385,2
385,1
385,0
384,8
384,7
384,6
384,5
384,4
384,3
384,2
384,1
384,0
14,84
383,8
383,7
383,6
383,5
383,4
383,3
383,2
383,1
383,0
14,83
14,82
382,9
382,8
382,7
382,6
382,5
382,4
382,3
382,2
382,1
382,0
381,6
381,5
381,4
381,3
381,2
381,1
381,0
380,6
380,5
380,4
380,3
380,2
380,1
380,0
379,5
379,4
379,3
379,2
379,1
379,0
378,4
378,3
378,2
378,1
378,0
377,6
377,5
377,4
377,3
377,2
377,1
377,0
376,6
376,5
376,4
376,3
376,2
376,1
376,0
375,5
375,4
375,3
375,2
375,1
375,0
374,4
374,3
374,2
374,1
374,0
373,10
373,9
373,8
373,7
373,6
373,5
373,4
373,3
373,2
373,1
373,0
372,5
372,4
372,3
372,2
372,1
372,0
14,81
371,5
371,4
371,3
371,2
371,1
371,0
370,5
370,4
370,3
370,2
370,1
370,0
369,5
369,4
369,3
369,2
369,1
369,0
368,9
368,8
368,7
368,6
368,5
368,4
368,3
368,2
368,1
368,0
367,8
367,7
367,6
367,5
367,4
367,3
367,2
367,1
367,0
366,8
366,7
366,6
366,5
366,4
366,3
366,2
366,1
366,0
365,13
365,12
365,11
365,10
365,9
365,8
365,7
365,6
365,5
365,4
365,3
365,2
365,1
365,0
14,80
364,5
364,4
364,3
364,2
364,1
364,0
363,11
363,10
363,9
363,8
363,7
363,6
363,5
363,4
363,3
363,2
363,1
363,0
362,6
362,5
362,4
362,3
362,2
362,1
362,0
361,11
361,10
361,9
361,8
361,7
361,6
361,5
361,4
361,3
361,2
361,1
361,0
360,6
360,5
360,4
360,3
360,2
360,1
360,0
359,5
359,4
359,3
359,2
359,1
359,0
358,6
358,5
358,4
358,3
358,2
358,1
358,0
357,5
357,4
357,3
357,2
357,1
357,0
14,79
356,5
356,4
356,3
356,2
356,1
356,0
14,78
355,19
355,18
355,17
355,16
355,15
355,14
355,13
355,12
355,11
355,10
355,9
355,8
355,7
355,6
355,5
355,4
355,3
355,2
355,1
355,0
354,21
354,20
354,19
354,18
354,17
354,16
354,15
354,14
354,13
354,12
354,11
354,10
354,9
354,8
354,7
354,6
354,5
354,4
354,3
354,2
354,1
354,0
14,77
353,7
353,6
353,5
353,4
353,3
353,2
353,1
353,0
352,24
352,23
352,22
352,21
352,20
352,19
352,18
352,17
352,16
352,15
352,14
352,13
352,12
352,11
352,10
352,9
352,8
352,7
352,6
352,5
352,4
352,3
352,2
352,1
352,0
351,10
351,9
351,8
351,7
351,6
351,5
351,4
351,3
351,2
351,1
351,0
14,76
350,8
350,7
350,6
350,5
350,4
350,3
350,2
350,1
350,0
349,7
349,6
349,5
349,4
349,3
349,2
349,1
349,0
348,7
348,6
348,5
348,4
348,3
348,2
348,1
348,0
347,7
347,6
347,5
347,4
347,3
347,2
347,1
347,0
346,9
346,8
346,4
346,7
346,6
346,5
346,3
346,2
346,1
346,0
345,16
345,15
345,14
345,13
345,12
345,11
345,10
345,9
345,8
345,7
345,6
345,5
345,4
345,3
345,2
345,1
345,0
344,5
344,4
344,3
344,2
344,1
344,0
14,75
343,5
343,4
343,3
343,2
343,1
343,0
13,5
13,4
342,5
342,4
342,3
342,2
342,1
342,0
341,20
341,19
341,18
341,17
341,16
341,15
341,14
341,13
341,12
341,11
341,10
341,9
341,8
341,7
341,6
341,5
341,4
341,3
341,2
341,1
341,0
340,9
340,8
340,7
340,6
340,5
340,4
340,3
340,2
340,1
340,0
339,6
339,5
339,4
339,3
339,2
339,1
339,0
14,74
338,25
338,24
338,23
338,22
338,21
338,20
338,19
338,18
338,17
338,16
338,15
338,14
338,13
338,12
338,11
338,10
338,9
